41.18856700572377 57.16358515716933
41.20071870023316 58.08937928394759
41.80170693381279 56.265934043047494
43.63052299028667 59.4797481890033
44.6405556056775 61.087996133285685
42.10148688173596 56.53246183722859
41.813505270895014 60.22716552755417
42.6897838056089 58.540764910446505
40.38897601216379 57.28980813298773
43.39401954266602 59.47428329113835
40.72464163939921 58.08909248542447
42.17983348244868 57.43960928543837
44.07384560539677 62.7153635997217
43.168657224162324 61.034391371835675
43.03558464464906 57.90154621227395
42.23922962314119 59.29352214315505
39.14285514663249 56.11349196685559
43.410688777766076 58.62484480666927
40.07244645522912 60.274134269934535
41.82910391048652 60.54252629339444
39.68563785527574 59.07785183748646
42.93223616345209 59.98015635842552
43.36924323301516 56.94563432381634
42.90320148604887 58.63947070457848
42.706371300630764 57.836792046850746
44.238193895876464 57.22734280118546
44.05017227475715 58.05634054434915
40.08581657178715 59.1900914093
40.949938091585985 57.71554523442637
42.793590874072926 62.164281051721204
46.150890562213434 61.77098081206703
43.635669298276866 57.895265441636845
41.82040392593475 56.94190420430192
42.62214144417864 60.542036169814736
42.13493126788016 61.115827096935746
42.306657874580935 60.36808500459519
39.86363642645517 58.02194730164223
44.98097749554451 58.06306599228724
42.22605522086489 55.29481766937059
45.37847213230885 63.90022909250281
40.415788445758174 58.248344867766214
40.66795174076932 56.96375206610572
41.730075397639446 55.630612504576135
40.411022332687814 58.79778378585284
43.88662562765811 61.61125239040641
38.26125372166409 59.74401096154125
40.18667974345493 58.24000380436739
41.037569159932445 58.565562578219264
41.98616907065389 61.64343875812204
41.473799558974214 57.5188066253316
96.67670449374096 5.455884615727973
97.17902684668306 11.534511344718023
96.04211588456347 11.662646663979286
94.57854856936324 7.112973966470841
94.71164430559554 11.063940770834238
96.36973365638906 6.014446576471945
96.35874553202993 10.132480535076695
96.92512758477416 10.32724226795975
94.9619007896194 6.0987954992657825
92.00138624147579 9.411852888843578
93.80638657566348 6.713696338979422
97.18992650831952 6.397491291992676
92.38066208990045 11.775873134811201
99.99376681997605 9.166853557305444
91.0687808811832 9.746007270247048
91.83020038998805 8.782307459595653
95.87445672810613 9.663604673751765
97.24417535589947 7.7852338312920235
95.6405815317037 7.493763191406202
92.17845155365659 7.84381207995147
90.91027250204976 9.526462088821313
94.02315020368503 7.737156599901043
94.97964935444084 11.759491083207864
93.80479794527494 11.15493330882464
91.37204467171631 6.627024746297641
94.70770504246345 11.670434605681537
97.32184845476307 8.529723536617597
91.95401448451459 4.017311715043664
91.51064329359912 4.913615727125408
98.4532257222767 11.4073365736166
96.3800841427566 10.79056111792885
91.33199594504131 10.1874416157705
92.18687470254444 7.001555948901629
99.13752845567744 8.899063728395783
91.5266948841855 9.752868225789575
95.41625070472264 8.125554717543805
98.11667888212715 11.393506967814277
95.90582030357027 11.342135378041965
94.65999743705608 12.618977086625845
92.50200561349332 7.757275689800111
96.95805411385889 6.6102183192918424
91.6814096165914 9.01230553829772
90.41648236094059 13.362691442438035
96.79788241740653 9.377572467959524
93.9974306106901 8.579781871139382
95.42012707839046 6.942150698826498
96.88803584628917 10.020242265217721
94.97971281850847 9.204812228137186
96.05023135482983 11.685370980970673
97.72439907545278 9.815202727833903
0.6265056141101927 98.38594861561575
0.41143187079127275 99.43496073709386
5.1694203038034505 98.31528503698497
1.1768923779548364 99.66514419466132
0.40347665566621965 97.01795456407183
1.2122038390520575 98.14917158448738
2.213912733004647 99.29855030525042
0.7409871093733817 97.27862949841936
0.11955377765385257 99.9777363912555
0.7469409056995152 97.34253833428133
0.8766441434666973 99.1253971938819
0.6868952137734107 98.47062233175726
2.0635702786938626 98.43156853094952
0.38172605796825054 98.44803305616207
0.9448214982090858 97.60761282647177
2.8698538501358977 99.24517818458638
4.712939934104023 97.00835852872478
2.634093774454546 99.49961813006023
3.195357168372427 99.68932077217761
0.286162838866372 98.37978562836827
2.9343516623752173 99.35048773315546
0.11573483434461763 96.49133952507779
2.8133086988680533 97.68519818029495
2.2062178371441683 96.31391248954525
2.4266762573947243 99.02275109885025
0.9252557293009424 96.26925226589633
1.3491555096278585 98.578587021317
0.6656513719937309 99.54451441214727
0.9771017119352777 97.11421707114502
1.5964614357060747 99.29536494709285
1.65925560178437 99.2849687340239
0.6283308235687987 97.45152555597168
0.6220462051854165 98.48094701686357
2.5296187668330563 96.51485343376383
1.2642565674383193 97.17973101155108
1.8055551928248184 99.73543662454726
3.928426506268005 97.21941310698267
1.9541115855289983 96.04845960084546
1.842723250246332 96.6354191642535
1.2032403168844616 98.33844244914725
1.4939135533455055 98.65680341232844
0.08749383512417262 97.40458943603373
2.9742203864596273 98.85910931365362
1.5251316593636228 98.82888798635466
1.066138284227529 96.88084137507578
0.04924216161361428 97.77744340510708
2.3244892654183706 99.92724847688368
0.7769646989985428 96.87743387818753
0.9949984195196591 97.09821868207075
0.3788755271768287 98.93661323363631
